S1	S2	lr_inc	lr_dec	max_err	  PK[%]	  lr		MSE		epoch	work_progress[%]
70 	 13 	 1.03 	 0.6 	 1.02 	 49.75 	 0.0356452 	 0.0836526 	  44 	 0.8
70 	 13 	 1.03 	 0.6 	 1.03 	 73.38 	 0.107791 	 0.0838813 	 128 	 1.6
70 	 13 	 1.03 	 0.6 	 1.04 	 70.63 	 0.319113 	 0.08058 	 256 	 2.4
70 	 13 	 1.03 	 0.6 	 1.05 	 51.75 	 0.0854821 	 0.0797525 	 198 	 3.2
70 	 13 	 1.03 	 0.6 	 1.06 	 79.75 	 0.200691 	 0.0805459 	 352 	   4
70 	 13 	 1.03 	 0.65 	 1.02 	 41.37 	 0.294243 	 0.0782225 	 432 	 4.8
70 	 13 	 1.03 	 0.65 	 1.03 	 68.75 	 0.476309 	 0.0805378 	 277 	 5.6
70 	 13 	 1.03 	 0.65 	 1.04 	 53.75 	 0.258282 	 0.0808081 	 111 	 6.4
70 	 13 	 1.03 	 0.65 	 1.05 	  49 	 0.295244 	 0.0766173 	 924 	 7.2
70 	 13 	 1.03 	 0.65 	 1.06 	 61.25 	 0.509497 	 0.0785961 	 458 	   8
70 	 13 	 1.03 	 0.7 	 1.02 	 49.38 	 0.0119405 	 0.10231 	   7 	 8.8
70 	 13 	 1.03 	 0.7 	 1.03 	 48.38 	 0.0367145 	 0.0870849 	  45 	 9.6
70 	 13 	 1.03 	 0.7 	 1.04 	 66.5 	 0.647012 	 0.0775045 	 663 	 10.4
70 	 13 	 1.03 	 0.7 	 1.05 	 26.63 	 0.202689 	 0.081718 	 144 	 11.2
70 	 13 	 1.03 	 0.7 	 1.06 	 53.75 	 0.414467 	 0.080376 	 127 	  12
70 	 13 	 1.03 	 0.75 	 1.02 	 55.25 	 0.0777524 	 0.0741205 	 1884 	 12.8
70 	 13 	 1.03 	 0.75 	 1.03 	  69 	 0.330463 	 0.0788607 	 264 	 13.6
70 	 13 	 1.03 	 0.75 	 1.04 	 66.88 	 0.281168 	 0.0780502 	 314 	 14.4
70 	 13 	 1.03 	 0.75 	 1.05 	 84.5 	 0.828772 	 0.0731562 	 1909 	 15.2
70 	 13 	 1.03 	 0.75 	 1.06 	  47 	 0.282232 	 0.0798076 	 114 	  16
70 	 13 	 1.03 	 0.8 	 1.02 	 68.88 	 0.265394 	 0.0766831 	 793 	 16.8
70 	 13 	 1.03 	 0.8 	 1.03 	 28.5 	 0.329653 	 0.0814613 	 229 	 17.6
70 	 13 	 1.03 	 0.8 	 1.04 	 78.88 	 0.344098 	 0.0829405 	 294 	 18.4
70 	 13 	 1.03 	 0.8 	 1.05 	 79.25 	 0.360221 	 0.0808079 	 233 	 19.2
70 	 13 	 1.03 	 0.8 	 1.06 	 83.75 	 0.398904 	 0.083373 	 314 	  20
70 	 13 	 1.04 	 0.6 	 1.02 	 61.38 	 0.297573 	 0.0758866 	 603 	 20.8
70 	 13 	 1.04 	 0.6 	 1.03 	 70.63 	 0.134259 	 0.075171 	 787 	 21.6
70 	 13 	 1.04 	 0.6 	 1.04 	 48.62 	 0.25953 	 0.0752716 	 1230 	 22.4
70 	 13 	 1.04 	 0.6 	 1.05 	 11.62 	 0.611539 	 0.0817954 	 295 	 23.2
70 	 13 	 1.04 	 0.6 	 1.06 	 52.88 	 0.0245765 	 0.0829129 	  73 	  24
70 	 13 	 1.04 	 0.65 	 1.02 	 48.25 	 0.253686 	 0.0760915 	 777 	 24.8
70 	 13 	 1.04 	 0.65 	 1.03 	 51.75 	 0.0631782 	 0.0849493 	  48 	 25.6
70 	 13 	 1.04 	 0.65 	 1.04 	 71.38 	 0.25092 	 0.0775194 	 374 	 26.4
70 	 13 	 1.04 	 0.65 	 1.05 	 73.25 	 0.118561 	 0.0827782 	 115 	 27.2
70 	 13 	 1.04 	 0.65 	 1.06 	 0.25 	 0.388027 	 0.0904029 	 616 	  28
70 	 13 	 1.04 	 0.7 	 1.02 	 41.13 	 0.123762 	 0.0744455 	 956 	 28.8
70 	 13 	 1.04 	 0.7 	 1.03 	 17.5 	 0.312288 	 0.0798107 	 690 	 29.6
70 	 13 	 1.04 	 0.7 	 1.04 	 66.75 	 0.327184 	 0.0770683 	 705 	 30.4
70 	 13 	 1.04 	 0.7 	 1.05 	 48.62 	 0.0584118 	 0.0864758 	  46 	 31.2
70 	 13 	 1.04 	 0.7 	 1.06 	 76.75 	 0.331272 	 0.0803978 	 287 	  32
70 	 13 	 1.04 	 0.75 	 1.02 	 46.63 	 0.0914235 	 0.0682863 	 3472 	 32.8
70 	 13 	 1.04 	 0.75 	 1.03 	 72.38 	 0.224392 	 0.0787564 	 307 	 33.6
70 	 13 	 1.04 	 0.75 	 1.04 	 48.75 	 0.239581 	 0.0785116 	 283 	 34.4
70 	 13 	 1.04 	 0.75 	 1.05 	 70.75 	 0.590499 	 0.0784642 	 400 	 35.2
70 	 13 	 1.04 	 0.75 	 1.06 	  74 	 0.605757 	 0.0781541 	 686 	  36
70 	 13 	 1.04 	 0.8 	 1.02 	  37 	 0.167523 	 0.0832144 	 136 	 36.8
70 	 13 	 1.04 	 0.8 	 1.03 	 75.38 	 0.498458 	 0.0762245 	 1227 	 37.6
70 	 13 	 1.04 	 0.8 	 1.04 	 79.13 	 0.38539 	 0.0811874 	 339 	 38.4
70 	 13 	 1.04 	 0.8 	 1.05 	 63.25 	 0.341193 	 0.0825079 	  91 	 39.2
70 	 13 	 1.04 	 0.8 	 1.06 	 65.75 	 0.182166 	 0.0826939 	  76 	  40
70 	 13 	 1.05 	 0.6 	 1.02 	 71.75 	 0.209118 	 0.0787315 	 684 	 40.8
70 	 13 	 1.05 	 0.6 	 1.03 	 41.63 	 0.292883 	 0.0765725 	 1506 	 41.6
70 	 13 	 1.05 	 0.6 	 1.04 	 48.38 	 0.39201 	 0.0768096 	 663 	 42.4
70 	 13 	 1.05 	 0.6 	 1.05 	  51 	 0.0188565 	 0.0856745 	  14 	 43.2
70 	 13 	 1.05 	 0.6 	 1.06 	 77.13 	 0.412823 	 0.0779832 	 845 	  44
70 	 13 	 1.05 	 0.65 	 1.02 	 56.75 	 0.190379 	 0.0780054 	 308 	 44.8
70 	 13 	 1.05 	 0.65 	 1.03 	 48.25 	 0.52101 	 0.0794219 	 246 	 45.6
70 	 13 	 1.05 	 0.65 	 1.04 	 50.25 	 0.0225682 	 0.080832 	  73 	 46.4
70 	 13 	 1.05 	 0.65 	 1.05 	 65.13 	 0.269803 	 0.0783127 	 254 	 47.2
70 	 13 	 1.05 	 0.65 	 1.06 	  51 	 0.84462 	 0.0785291 	 725 	  48
70 	 13 	 1.05 	 0.7 	 1.02 	 23.12 	 0.16687 	 0.079431 	 823 	 48.8
70 	 13 	 1.05 	 0.7 	 1.03 	 32.13 	 0.0645014 	 0.081601 	 182 	 49.6
70 	 13 	 1.05 	 0.7 	 1.04 	 58.62 	 0.270455 	 0.0779151 	 315 	 50.4
70 	 13 	 1.05 	 0.7 	 1.05 	 25.5 	 0.0127628 	 0.0911372 	   6 	 51.2
70 	 13 	 1.05 	 0.7 	 1.06 	 84.75 	 0.29271 	 0.0845515 	 273 	  52
70 	 13 	 1.05 	 0.75 	 1.02 	 54.75 	 0.242481 	 0.077406 	 285 	 52.8
70 	 13 	 1.05 	 0.75 	 1.03 	 84.13 	 0.191577 	 0.0890858 	 108 	 53.6
70 	 13 	 1.05 	 0.75 	 1.04 	  27 	 0.312621 	 0.0813513 	 375 	 54.4
70 	 13 	 1.05 	 0.75 	 1.05 	 16.37 	 0.306358 	 0.0814976 	 370 	 55.2
70 	 13 	 1.05 	 0.75 	 1.06 	 73.75 	 0.48253 	 0.0793493 	 495 	  56
70 	 13 	 1.05 	 0.8 	 1.02 	 41.13 	 0.192081 	 0.0631812 	 3793 	 56.8
70 	 13 	 1.05 	 0.8 	 1.03 	 74.63 	 0.225261 	 0.0818101 	 174 	 57.6
70 	 13 	 1.05 	 0.8 	 1.04 	  16 	 0.271653 	 0.0831765 	 314 	 58.4
70 	 13 	 1.05 	 0.8 	 1.05 	 57.25 	 0.0373346 	 0.086132 	  28 	 59.2
70 	 13 	 1.05 	 0.8 	 1.06 	 72.25 	 0.0962569 	 0.0817863 	 105 	  60
70 	 13 	 1.06 	 0.6 	 1.02 	 61.38 	 0.0375354 	 0.0838485 	  65 	 60.8
70 	 13 	 1.06 	 0.6 	 1.03 	 76.63 	 0.253785 	 0.0786756 	 422 	 61.6
70 	 13 	 1.06 	 0.6 	 1.04 	 85.63 	 0.263841 	 0.0882536 	 170 	 62.4
70 	 13 	 1.06 	 0.6 	 1.05 	 68.63 	 0.324783 	 0.0770066 	 479 	 63.2
70 	 13 	 1.06 	 0.6 	 1.06 	 78.75 	 0.386025 	 0.0678899 	 2147 	  64
70 	 13 	 1.06 	 0.65 	 1.02 	 62.87 	 0.011236 	 0.0958244 	   3 	 64.8
70 	 13 	 1.06 	 0.65 	 1.03 	 48.88 	 0.244379 	 0.0747674 	 865 	 65.6
70 	 13 	 1.06 	 0.65 	 1.04 	 18.25 	 0.177709 	 0.0842631 	 1313 	 66.4
70 	 13 	 1.06 	 0.65 	 1.05 	 48.62 	 0.190784 	 0.0761525 	 613 	 67.2
70 	 13 	 1.06 	 0.65 	 1.06 	 67.5 	 0.375106 	 0.0725054 	 1482 	  68
70 	 13 	 1.06 	 0.7 	 1.02 	 51.63 	 0.0511169 	 0.0866239 	  29 	 68.8
70 	 13 	 1.06 	 0.7 	 1.03 	 71.25 	 0.240064 	 0.0788511 	 259 	 69.6
70 	 13 	 1.06 	 0.7 	 1.04 	  73 	 0.415023 	 0.0746573 	 1159 	 70.4
70 	 13 	 1.06 	 0.7 	 1.05 	 59.13 	 0.0455747 	 0.0816865 	 164 	 71.2
70 	 13 	 1.06 	 0.7 	 1.06 	 46.5 	 0.415004 	 0.0791401 	 442 	  72
70 	 13 	 1.06 	 0.75 	 1.02 	 48.25 	 0.0574349 	 0.0889424 	  31 	 72.8
70 	 13 	 1.06 	 0.75 	 1.03 	  36 	 0.287303 	 0.0794905 	 209 	 73.6
70 	 13 	 1.06 	 0.75 	 1.04 	 29.13 	 0.325294 	 0.0790816 	 724 	 74.4
70 	 13 	 1.06 	 0.75 	 1.05 	 58.62 	 0.347692 	 0.0725573 	 1761 	 75.2
70 	 13 	 1.06 	 0.75 	 1.06 	 73.25 	 0.672221 	 0.0683099 	 2004 	  76
70 	 13 	 1.06 	 0.8 	 1.02 	 51.63 	 0.184202 	 0.0823158 	  51 	 76.8
70 	 13 	 1.06 	 0.8 	 1.03 	 29.63 	 0.295148 	 0.0807795 	 279 	 77.6
70 	 13 	 1.06 	 0.8 	 1.04 	 35.5 	 0.162964 	 0.080467 	 187 	 78.4
70 	 13 	 1.06 	 0.8 	 1.05 	  49 	 0.0863609 	 0.0872376 	  38 	 79.2
70 	 13 	 1.06 	 0.8 	 1.06 	   7 	 0.387206 	 0.0846138 	 531 	  80
70 	 13 	 1.07 	 0.6 	 1.02 	 63.38 	 0.184659 	 0.0716338 	 1024 	 80.8
70 	 13 	 1.07 	 0.6 	 1.03 	 50.25 	 0.0257853 	 0.0928569 	  15 	 81.6
70 	 13 	 1.07 	 0.6 	 1.04 	 59.5 	 0.143783 	 0.0786693 	 238 	 82.4
70 	 13 	 1.07 	 0.6 	 1.05 	 78.75 	 0.220195 	 0.0787829 	 543 	 83.2
70 	 13 	 1.07 	 0.6 	 1.06 	 70.13 	 0.40894 	 0.0760353 	 747 	  84
70 	 13 	 1.07 	 0.65 	 1.02 	 24.88 	 0.104718 	 0.0795169 	 1273 	 84.8
70 	 13 	 1.07 	 0.65 	 1.03 	 59.62 	 0.134049 	 0.0672759 	 2101 	 85.6
70 	 13 	 1.07 	 0.65 	 1.04 	 53.13 	 0.114239 	 0.0864572 	  37 	 86.4
70 	 13 	 1.07 	 0.65 	 1.05 	 53.5 	 0.350251 	 0.0777204 	 514 	 87.2
70 	 13 	 1.07 	 0.65 	 1.06 	 20.88 	 0.224726 	 0.0848178 	  47 	  88
70 	 13 	 1.07 	 0.7 	 1.02 	 64.25 	 0.168713 	 0.0765828 	 679 	 88.8
70 	 13 	 1.07 	 0.7 	 1.03 	 63.38 	 0.121615 	 0.0788033 	 241 	 89.6
70 	 13 	 1.07 	 0.7 	 1.04 	 71.13 	 0.335541 	 0.0778384 	 383 	 90.4
70 	 13 	 1.07 	 0.7 	 1.05 	 72.13 	 0.352764 	 0.0758102 	 642 	 91.2
70 	 13 	 1.07 	 0.7 	 1.06 	 81.63 	 0.305839 	 0.0821121 	 196 	  92
70 	 13 	 1.07 	 0.75 	 1.02 	  69 	 0.0841866 	 0.0808837 	  67 	 92.8
70 	 13 	 1.07 	 0.75 	 1.03 	 71.25 	 0.359522 	 0.0774631 	 445 	 93.6
70 	 13 	 1.07 	 0.75 	 1.04 	 43.63 	 0.278549 	 0.0784419 	 577 	 94.4
70 	 13 	 1.07 	 0.75 	 1.05 	 37.38 	 0.739614 	 0.075884 	 1290 	 95.2
70 	 13 	 1.07 	 0.75 	 1.06 	 51.37 	 0.044304 	 0.0874731 	  23 	  96
70 	 13 	 1.07 	 0.8 	 1.02 	 38.75 	 0.183921 	 0.0809392 	 191 	 96.8
70 	 13 	 1.07 	 0.8 	 1.03 	 34.38 	 0.393724 	 0.0692993 	 1766 	 97.6
70 	 13 	 1.07 	 0.8 	 1.04 	 51.75 	 0.275299 	 0.0824916 	  50 	 98.4
70 	 13 	 1.07 	 0.8 	 1.05 	 30.13 	 0.128348 	 0.0839426 	 112 	 99.2
70 	 13 	 1.07 	 0.8 	 1.06 	 39.88 	 0.980836 	 0.0806163 	 549 	 100
