S1	S2	lr_inc	lr_dec	max_err	  PK[%]	  lr	MSE		epoch	work_progress[%]
40 	  5 	 1.05 	 0.7 	 1.04 	 75.38 	 0.01 	 0.0808272 	 167 	 0.42735
40 	  6 	 1.05 	 0.7 	 1.04 	 75.38 	 0.01 	 0.0797624 	 101 	 0.854701
40 	  7 	 1.05 	 0.7 	 1.04 	 69.63 	 0.01 	 0.0801428 	 107 	 1.28205
40 	  8 	 1.05 	 0.7 	 1.04 	 78.38 	 0.01 	 0.0841648 	  22 	 1.7094
40 	  9 	 1.05 	 0.7 	 1.04 	  71 	 0.01 	 0.0872157 	  30 	 2.13675
40 	 10 	 1.05 	 0.7 	 1.04 	 76.63 	 0.01 	 0.0799254 	  81 	 2.5641
40 	 11 	 1.05 	 0.7 	 1.04 	 69.25 	 0.01 	 0.0832486 	  67 	 2.99145
40 	 12 	 1.05 	 0.7 	 1.04 	 74.75 	 0.01 	 0.0812817 	  97 	 3.4188
40 	 13 	 1.05 	 0.7 	 1.04 	 70.25 	 0.01 	 0.083959 	 130 	 3.84615
40 	 14 	 1.05 	 0.7 	 1.04 	 79.25 	 0.01 	 0.0846254 	  37 	 4.2735
40 	 15 	 1.05 	 0.7 	 1.04 	 73.5 	 0.01 	 0.0809666 	  70 	 4.70085
40 	 16 	 1.05 	 0.7 	 1.04 	 75.75 	 0.01 	 0.0807721 	  96 	 5.12821
40 	 17 	 1.05 	 0.7 	 1.04 	 78.75 	 0.01 	 0.0807728 	  92 	 5.55556
40 	 18 	 1.05 	 0.7 	 1.04 	 77.25 	 0.01 	 0.08039 	 132 	 5.98291
40 	 19 	 1.05 	 0.7 	 1.04 	 84.5 	 0.01 	 0.0839606 	  96 	 6.41026
40 	 20 	 1.05 	 0.7 	 1.04 	 77.75 	 0.01 	 0.0841363 	  60 	 6.83761
40 	 21 	 1.05 	 0.7 	 1.04 	 58.62 	 0.01 	 0.0818652 	 351 	 7.26496
40 	 22 	 1.05 	 0.7 	 1.04 	 71.88 	 0.01 	 0.0838127 	  61 	 7.69231
40 	 23 	 1.05 	 0.7 	 1.04 	 80.38 	 0.01 	 0.0812448 	 119 	 8.11966
40 	 24 	 1.05 	 0.7 	 1.04 	 63.5 	 0.01 	 0.0862412 	  45 	 8.54701
40 	 25 	 1.05 	 0.7 	 1.04 	 63.13 	 0.01 	 0.0834553 	  96 	 8.97436
40 	 26 	 1.05 	 0.7 	 1.04 	 80.38 	 0.01 	 0.0813636 	 213 	 9.40171
40 	 27 	 1.05 	 0.7 	 1.04 	 65.63 	 0.01 	 0.0857762 	  39 	 9.82906
40 	 28 	 1.05 	 0.7 	 1.04 	 70.75 	 0.01 	 0.0858626 	  60 	 10.2564
40 	 29 	 1.05 	 0.7 	 1.04 	 76.5 	 0.01 	 0.0841689 	  59 	 10.6838
40 	 30 	 1.05 	 0.7 	 1.04 	 66.38 	 0.01 	 0.0879775 	  85 	 11.1111
45 	  5 	 1.05 	 0.7 	 1.04 	 81.13 	 0.01 	 0.0808599 	 104 	 11.5385
45 	  6 	 1.05 	 0.7 	 1.04 	 72.88 	 0.01 	 0.0813554 	  99 	 11.9658
45 	  7 	 1.05 	 0.7 	 1.04 	 64.63 	 0.01 	 0.0814357 	 138 	 12.3932
45 	  8 	 1.05 	 0.7 	 1.04 	 71.5 	 0.01 	 0.0831402 	  50 	 12.8205
45 	  9 	 1.05 	 0.7 	 1.04 	  82 	 0.01 	 0.0797807 	 214 	 13.2479
45 	 10 	 1.05 	 0.7 	 1.04 	 76.38 	 0.01 	 0.0813315 	  96 	 13.6752
45 	 11 	 1.05 	 0.7 	 1.04 	  67 	 0.01 	 0.0863531 	  36 	 14.1026
45 	 12 	 1.05 	 0.7 	 1.04 	 80.25 	 0.01 	 0.0820923 	  70 	 14.5299
45 	 13 	 1.05 	 0.7 	 1.04 	 40.25 	 0.01 	 0.0860975 	 127 	 14.9573
45 	 14 	 1.05 	 0.7 	 1.04 	 67.25 	 0.01 	 0.0807295 	 202 	 15.3846
45 	 15 	 1.05 	 0.7 	 1.04 	 72.75 	 0.01 	 0.0816582 	 139 	 15.812
45 	 16 	 1.05 	 0.7 	 1.04 	 73.75 	 0.01 	 0.0808307 	 110 	 16.2393
45 	 17 	 1.05 	 0.7 	 1.04 	  79 	 0.01 	 0.0831391 	  76 	 16.6667
45 	 18 	 1.05 	 0.7 	 1.04 	 70.38 	 0.01 	 0.0836915 	  53 	 17.094
45 	 19 	 1.05 	 0.7 	 1.04 	 73.75 	 0.01 	 0.0837168 	  59 	 17.5214
45 	 20 	 1.05 	 0.7 	 1.04 	 71.5 	 0.01 	 0.0856211 	  49 	 17.9487
45 	 21 	 1.05 	 0.7 	 1.04 	 50.5 	 0.01 	 0.0860107 	  60 	 18.3761
45 	 22 	 1.05 	 0.7 	 1.04 	 77.13 	 0.01 	 0.081102 	 128 	 18.8034
45 	 23 	 1.05 	 0.7 	 1.04 	 71.88 	 0.01 	 0.0861284 	  51 	 19.2308
45 	 24 	 1.05 	 0.7 	 1.04 	 69.25 	 0.01 	 0.0896577 	  59 	 19.6581
45 	 25 	 1.05 	 0.7 	 1.04 	 65.5 	 0.01 	 0.0818469 	 255 	 20.0855
45 	 26 	 1.05 	 0.7 	 1.04 	 57.13 	 0.01 	 0.0865119 	  59 	 20.5128
45 	 27 	 1.05 	 0.7 	 1.04 	 77.63 	 0.01 	 0.0876662 	   5 	 20.9402
45 	 28 	 1.05 	 0.7 	 1.04 	 61.13 	 0.01 	 0.0844115 	 121 	 21.3675
45 	 29 	 1.05 	 0.7 	 1.04 	  63 	 0.01 	 0.0863578 	 193 	 21.7949
45 	 30 	 1.05 	 0.7 	 1.04 	 69.63 	 0.01 	 0.0847796 	  48 	 22.2222
50 	  5 	 1.05 	 0.7 	 1.04 	  81 	 0.01 	 0.0808585 	  88 	 22.6496
50 	  6 	 1.05 	 0.7 	 1.04 	 61.5 	 0.01 	 0.0846203 	 135 	 23.0769
50 	  7 	 1.05 	 0.7 	 1.04 	 79.38 	 0.01 	 0.088078 	  24 	 23.5043
50 	  8 	 1.05 	 0.7 	 1.04 	 72.13 	 0.01 	 0.0766883 	 877 	 23.9316
50 	  9 	 1.05 	 0.7 	 1.04 	 82.13 	 0.01 	 0.0815733 	  98 	 24.359
50 	 10 	 1.05 	 0.7 	 1.04 	 69.38 	 0.01 	 0.0806639 	  85 	 24.7863
50 	 11 	 1.05 	 0.7 	 1.04 	  58 	 0.01 	 0.0840754 	  72 	 25.2137
50 	 12 	 1.05 	 0.7 	 1.04 	  76 	 0.01 	 0.0798296 	  92 	 25.641
50 	 13 	 1.05 	 0.7 	 1.04 	 73.5 	 0.01 	 0.0798746 	  74 	 26.0684
50 	 14 	 1.05 	 0.7 	 1.04 	 70.63 	 0.01 	 0.0809825 	  67 	 26.4957
50 	 15 	 1.05 	 0.7 	 1.04 	 70.88 	 0.01 	 0.0833516 	  70 	 26.9231
50 	 16 	 1.05 	 0.7 	 1.04 	 79.38 	 0.01 	 0.079056 	 241 	 27.3504
50 	 17 	 1.05 	 0.7 	 1.04 	 69.88 	 0.01 	 0.0817856 	  64 	 27.7778
50 	 18 	 1.05 	 0.7 	 1.04 	 76.38 	 0.01 	 0.0829844 	  55 	 28.2051
50 	 19 	 1.05 	 0.7 	 1.04 	  75 	 0.01 	 0.0790061 	 164 	 28.6325
50 	 20 	 1.05 	 0.7 	 1.04 	 73.25 	 0.01 	 0.0848843 	  34 	 29.0598
50 	 21 	 1.05 	 0.7 	 1.04 	 55.25 	 0.01 	 0.0859341 	 126 	 29.4872
50 	 22 	 1.05 	 0.7 	 1.04 	 76.63 	 0.01 	 0.0855747 	  61 	 29.9145
50 	 23 	 1.05 	 0.7 	 1.04 	 75.38 	 0.01 	 0.0820851 	  60 	 30.3419
50 	 24 	 1.05 	 0.7 	 1.04 	 67.88 	 0.01 	 0.0816897 	 114 	 30.7692
50 	 25 	 1.05 	 0.7 	 1.04 	 70.63 	 0.01 	 0.0806785 	  85 	 31.1966
50 	 26 	 1.05 	 0.7 	 1.04 	 72.5 	 0.01 	 0.0830306 	  55 	 31.6239
50 	 27 	 1.05 	 0.7 	 1.04 	  73 	 0.01 	 0.0867895 	  63 	 32.0513
50 	 28 	 1.05 	 0.7 	 1.04 	  71 	 0.01 	 0.0894758 	  34 	 32.4786
50 	 29 	 1.05 	 0.7 	 1.04 	 64.75 	 0.01 	 0.08748 	  75 	 32.906
50 	 30 	 1.05 	 0.7 	 1.04 	  74 	 0.01 	 0.0846278 	  62 	 33.3333
55 	  5 	 1.05 	 0.7 	 1.04 	 77.38 	 0.01 	 0.0867333 	  31 	 33.7607
55 	  6 	 1.05 	 0.7 	 1.04 	 83.75 	 0.01 	 0.0815218 	 127 	 34.188
55 	  7 	 1.05 	 0.7 	 1.04 	  75 	 0.01 	 0.0801146 	 105 	 34.6154
55 	  8 	 1.05 	 0.7 	 1.04 	 67.5 	 0.01 	 0.0807159 	 168 	 35.0427
55 	  9 	 1.05 	 0.7 	 1.04 	 83.75 	 0.01 	 0.0824963 	 105 	 35.4701
55 	 10 	 1.05 	 0.7 	 1.04 	 78.13 	 0.01 	 0.0806419 	 203 	 35.8974
55 	 11 	 1.05 	 0.7 	 1.04 	 58.25 	 0.01 	 0.081588 	 109 	 36.3248
55 	 12 	 1.05 	 0.7 	 1.04 	 83.75 	 0.01 	 0.0812167 	  81 	 36.7521
55 	 13 	 1.05 	 0.7 	 1.04 	 80.25 	 0.01 	 0.0823283 	  69 	 37.1795
55 	 14 	 1.05 	 0.7 	 1.04 	 76.25 	 0.01 	 0.0829977 	  65 	 37.6068
55 	 15 	 1.05 	 0.7 	 1.04 	 83.75 	 0.01 	 0.0812151 	 129 	 38.0342
55 	 16 	 1.05 	 0.7 	 1.04 	 77.13 	 0.01 	 0.0800487 	 238 	 38.4615
55 	 17 	 1.05 	 0.7 	 1.04 	 71.63 	 0.01 	 0.0887485 	  41 	 38.8889
55 	 18 	 1.05 	 0.7 	 1.04 	  34 	 0.01 	 0.0878487 	 119 	 39.3162
55 	 19 	 1.05 	 0.7 	 1.04 	 68.25 	 0.01 	 0.0930036 	  12 	 39.7436
55 	 20 	 1.05 	 0.7 	 1.04 	 68.75 	 0.01 	 0.082374 	 129 	 40.1709
55 	 21 	 1.05 	 0.7 	 1.04 	 63.13 	 0.01 	 0.0897165 	  15 	 40.5983
55 	 22 	 1.05 	 0.7 	 1.04 	 75.63 	 0.01 	 0.0814398 	  64 	 41.0256
55 	 23 	 1.05 	 0.7 	 1.04 	 75.88 	 0.01 	 0.0820613 	  57 	 41.453
55 	 24 	 1.05 	 0.7 	 1.04 	  66 	 0.01 	 0.092136 	  34 	 41.8803
55 	 25 	 1.05 	 0.7 	 1.04 	 75.63 	 0.01 	 0.0837248 	  91 	 42.3077
55 	 26 	 1.05 	 0.7 	 1.04 	 75.13 	 0.01 	 0.0782863 	 345 	 42.735
55 	 27 	 1.05 	 0.7 	 1.04 	 56.13 	 0.01 	 0.0835283 	  72 	 43.1624
55 	 28 	 1.05 	 0.7 	 1.04 	 72.75 	 0.01 	 0.0799283 	 163 	 43.5897
55 	 29 	 1.05 	 0.7 	 1.04 	 63.63 	 0.01 	 0.0820655 	 275 	 44.0171
55 	 30 	 1.05 	 0.7 	 1.04 	 74.25 	 0.01 	 0.0803827 	  61 	 44.4444
60 	  5 	 1.05 	 0.7 	 1.04 	 67.38 	 0.01 	 0.0814675 	  85 	 44.8718
60 	  6 	 1.05 	 0.7 	 1.04 	 79.75 	 0.01 	 0.0825667 	 103 	 45.2991
60 	  7 	 1.05 	 0.7 	 1.04 	 63.38 	 0.01 	 0.0841568 	 114 	 45.7265
60 	  8 	 1.05 	 0.7 	 1.04 	 62.38 	 0.01 	 0.0823783 	  93 	 46.1538
60 	  9 	 1.05 	 0.7 	 1.04 	  69 	 0.01 	 0.0811315 	  74 	 46.5812
60 	 10 	 1.05 	 0.7 	 1.04 	 73.13 	 0.01 	 0.0822708 	  74 	 47.0085
60 	 11 	 1.05 	 0.7 	 1.04 	 68.88 	 0.01 	 0.0818377 	  54 	 47.4359
60 	 12 	 1.05 	 0.7 	 1.04 	 78.75 	 0.01 	 0.0786236 	 407 	 47.8632
60 	 13 	 1.05 	 0.7 	 1.04 	 74.25 	 0.01 	 0.0804786 	  83 	 48.2906
60 	 14 	 1.05 	 0.7 	 1.04 	 76.25 	 0.01 	 0.081114 	  88 	 48.7179
60 	 15 	 1.05 	 0.7 	 1.04 	 67.13 	 0.01 	 0.0839604 	  79 	 49.1453
60 	 16 	 1.05 	 0.7 	 1.04 	 73.25 	 0.01 	 0.0812647 	  91 	 49.5726
60 	 17 	 1.05 	 0.7 	 1.04 	  72 	 0.01 	 0.0820723 	  61 	  50
60 	 18 	 1.05 	 0.7 	 1.04 	 73.5 	 0.01 	 0.0768449 	 746 	 50.4274
60 	 19 	 1.05 	 0.7 	 1.04 	  66 	 0.01 	 0.0841288 	  66 	 50.8547
60 	 20 	 1.05 	 0.7 	 1.04 	  80 	 0.01 	 0.079399 	 126 	 51.2821
60 	 21 	 1.05 	 0.7 	 1.04 	 80.25 	 0.01 	 0.0811959 	 335 	 51.7094
60 	 22 	 1.05 	 0.7 	 1.04 	 64.5 	 0.01 	 0.0832922 	 223 	 52.1368
60 	 23 	 1.05 	 0.7 	 1.04 	 65.13 	 0.01 	 0.0801588 	 142 	 52.5641
60 	 24 	 1.05 	 0.7 	 1.04 	 83.25 	 0.01 	 0.0814533 	  66 	 52.9915
60 	 25 	 1.05 	 0.7 	 1.04 	 71.75 	 0.01 	 0.0838768 	 114 	 53.4188
60 	 26 	 1.05 	 0.7 	 1.04 	 74.25 	 0.01 	 0.0853361 	  42 	 53.8462
60 	 27 	 1.05 	 0.7 	 1.04 	 74.25 	 0.01 	 0.0851894 	  59 	 54.2735
60 	 28 	 1.05 	 0.7 	 1.04 	 61.5 	 0.01 	 0.087554 	  76 	 54.7009
60 	 29 	 1.05 	 0.7 	 1.04 	 73.5 	 0.01 	 0.0863441 	  64 	 55.1282
60 	 30 	 1.05 	 0.7 	 1.04 	 73.75 	 0.01 	 0.0833628 	  48 	 55.5556
65 	  5 	 1.05 	 0.7 	 1.04 	 77.38 	 0.01 	 0.0797951 	  96 	 55.9829
65 	  6 	 1.05 	 0.7 	 1.04 	 60.5 	 0.01 	 0.0837657 	 114 	 56.4103
65 	  7 	 1.05 	 0.7 	 1.04 	 84.88 	 0.01 	 0.0803447 	 115 	 56.8376
65 	  8 	 1.05 	 0.7 	 1.04 	 73.13 	 0.01 	 0.0803246 	 228 	 57.265
65 	  9 	 1.05 	 0.7 	 1.04 	 81.25 	 0.01 	 0.0909058 	  13 	 57.6923
65 	 10 	 1.05 	 0.7 	 1.04 	 67.13 	 0.01 	 0.0794089 	 245 	 58.1197
65 	 11 	 1.05 	 0.7 	 1.04 	 82.5 	 0.01 	 0.0803145 	  76 	 58.547
65 	 12 	 1.05 	 0.7 	 1.04 	 50.37 	 0.01 	 0.0843816 	 105 	 58.9744
65 	 13 	 1.05 	 0.7 	 1.04 	 87.5 	 0.01 	 0.0812567 	  90 	 59.4017
65 	 14 	 1.05 	 0.7 	 1.04 	 77.25 	 0.01 	 0.0815258 	 132 	 59.8291
65 	 15 	 1.05 	 0.7 	 1.04 	 78.63 	 0.01 	 0.0832998 	  57 	 60.2564
65 	 16 	 1.05 	 0.7 	 1.04 	 30.37 	 0.01 	 0.126612 	   9 	 60.6838
65 	 17 	 1.05 	 0.7 	 1.04 	 58.88 	 0.01 	 0.094921 	  10 	 61.1111
65 	 18 	 1.05 	 0.7 	 1.04 	 66.5 	 0.01 	 0.0811851 	  88 	 61.5385
65 	 19 	 1.05 	 0.7 	 1.04 	 74.63 	 0.01 	 0.0799304 	 237 	 61.9658
65 	 20 	 1.05 	 0.7 	 1.04 	  78 	 0.01 	 0.0836904 	  61 	 62.3932
65 	 21 	 1.05 	 0.7 	 1.04 	 84.88 	 0.01 	 0.0802268 	 229 	 62.8205
65 	 22 	 1.05 	 0.7 	 1.04 	 74.63 	 0.01 	 0.085996 	  46 	 63.2479
65 	 23 	 1.05 	 0.7 	 1.04 	 70.5 	 0.01 	 0.080422 	 173 	 63.6752
65 	 24 	 1.05 	 0.7 	 1.04 	 63.5 	 0.01 	 0.0817133 	 242 	 64.1026
65 	 25 	 1.05 	 0.7 	 1.04 	 75.13 	 0.01 	 0.0849013 	  59 	 64.5299
65 	 26 	 1.05 	 0.7 	 1.04 	 65.88 	 0.01 	 0.0820458 	 178 	 64.9573
65 	 27 	 1.05 	 0.7 	 1.04 	 79.5 	 0.01 	 0.0832266 	  64 	 65.3846
65 	 28 	 1.05 	 0.7 	 1.04 	 66.13 	 0.01 	 0.0841705 	  46 	 65.812
65 	 29 	 1.05 	 0.7 	 1.04 	 80.75 	 0.01 	 0.0830048 	 170 	 66.2393
65 	 30 	 1.05 	 0.7 	 1.04 	 74.13 	 0.01 	 0.0807235 	 162 	 66.6667
70 	  5 	 1.05 	 0.7 	 1.04 	 82.5 	 0.01 	 0.0862489 	  30 	 67.094
70 	  6 	 1.05 	 0.7 	 1.04 	 88.88 	 0.01 	 0.0815165 	 122 	 67.5214
70 	  7 	 1.05 	 0.7 	 1.04 	 66.5 	 0.01 	 0.0822188 	  75 	 67.9487
70 	  8 	 1.05 	 0.7 	 1.04 	 68.13 	 0.01 	 0.0802955 	 246 	 68.3761
70 	  9 	 1.05 	 0.7 	 1.04 	 72.5 	 0.01 	 0.0794838 	  78 	 68.8034
70 	 10 	 1.05 	 0.7 	 1.04 	 60.62 	 0.01 	 0.0897093 	  29 	 69.2308
70 	 11 	 1.05 	 0.7 	 1.04 	 77.88 	 0.01 	 0.0851338 	  58 	 69.6581
70 	 12 	 1.05 	 0.7 	 1.04 	 78.63 	 0.01 	 0.0880241 	   7 	 70.0855
70 	 13 	 1.05 	 0.7 	 1.04 	  76 	 0.01 	 0.0806537 	  69 	 70.5128
70 	 14 	 1.05 	 0.7 	 1.04 	 78.5 	 0.01 	 0.0843291 	  55 	 70.9402
70 	 15 	 1.05 	 0.7 	 1.04 	 77.88 	 0.01 	 0.0823881 	  64 	 71.3675
70 	 16 	 1.05 	 0.7 	 1.04 	 80.25 	 0.01 	 0.080577 	  93 	 71.7949
70 	 17 	 1.05 	 0.7 	 1.04 	 75.25 	 0.01 	 0.0842263 	  62 	 72.2222
70 	 18 	 1.05 	 0.7 	 1.04 	 66.75 	 0.01 	 0.0842322 	  44 	 72.6496
70 	 19 	 1.05 	 0.7 	 1.04 	 70.63 	 0.01 	 0.0833798 	  60 	 73.0769
70 	 20 	 1.05 	 0.7 	 1.04 	 71.88 	 0.01 	 0.0850257 	  44 	 73.5043
70 	 21 	 1.05 	 0.7 	 1.04 	 76.13 	 0.01 	 0.0819358 	 140 	 73.9316
70 	 22 	 1.05 	 0.7 	 1.04 	 60.88 	 0.01 	 0.0862856 	  42 	 74.359
70 	 23 	 1.05 	 0.7 	 1.04 	 71.75 	 0.01 	 0.0827008 	  78 	 74.7863
70 	 24 	 1.05 	 0.7 	 1.04 	 61.38 	 0.01 	 0.0855887 	  61 	 75.2137
70 	 25 	 1.05 	 0.7 	 1.04 	 54.5 	 0.01 	 0.085606 	 113 	 75.641
70 	 26 	 1.05 	 0.7 	 1.04 	 72.63 	 0.01 	 0.079043 	 174 	 76.0684
70 	 27 	 1.05 	 0.7 	 1.04 	 69.5 	 0.01 	 0.0849645 	 122 	 76.4957
70 	 28 	 1.05 	 0.7 	 1.04 	 71.63 	 0.01 	 0.0856297 	  58 	 76.9231
70 	 29 	 1.05 	 0.7 	 1.04 	 76.25 	 0.01 	 0.0849168 	  63 	 77.3504
70 	 30 	 1.05 	 0.7 	 1.04 	 66.5 	 0.01 	 0.079626 	 189 	 77.7778
75 	  5 	 1.05 	 0.7 	 1.04 	 68.13 	 0.01 	 0.0834618 	  38 	 78.2051
75 	  6 	 1.05 	 0.7 	 1.04 	 80.38 	 0.01 	 0.0805043 	 123 	 78.6325
75 	  7 	 1.05 	 0.7 	 1.04 	 81.88 	 0.01 	 0.0797514 	 146 	 79.0598
75 	  8 	 1.05 	 0.7 	 1.04 	  74 	 0.01 	 0.0827668 	  54 	 79.4872
75 	  9 	 1.05 	 0.7 	 1.04 	 67.75 	 0.01 	 0.104643 	  12 	 79.9145
75 	 10 	 1.05 	 0.7 	 1.04 	  82 	 0.01 	 0.0826889 	  80 	 80.3419
75 	 11 	 1.05 	 0.7 	 1.04 	 80.75 	 0.01 	 0.0817838 	  78 	 80.7692
75 	 12 	 1.05 	 0.7 	 1.04 	 71.25 	 0.01 	 0.082655 	  87 	 81.1966
75 	 13 	 1.05 	 0.7 	 1.04 	 76.75 	 0.01 	 0.0782227 	 500 	 81.6239
75 	 14 	 1.05 	 0.7 	 1.04 	 74.5 	 0.01 	 0.0805251 	  53 	 82.0513
75 	 15 	 1.05 	 0.7 	 1.04 	 78.13 	 0.01 	 0.0779095 	 302 	 82.4786
75 	 16 	 1.05 	 0.7 	 1.04 	  75 	 0.01 	 0.0826951 	  60 	 82.906
75 	 17 	 1.05 	 0.7 	 1.04 	 76.5 	 0.01 	 0.0818404 	 132 	 83.3333
75 	 18 	 1.05 	 0.7 	 1.04 	 70.13 	 0.01 	 0.0787966 	 190 	 83.7607
75 	 19 	 1.05 	 0.7 	 1.04 	 63.5 	 0.01 	 0.0828875 	 153 	 84.188
75 	 20 	 1.05 	 0.7 	 1.04 	 81.75 	 0.01 	 0.0856113 	  76 	 84.6154
75 	 21 	 1.05 	 0.7 	 1.04 	 67.25 	 0.01 	 0.081563 	  62 	 85.0427
75 	 22 	 1.05 	 0.7 	 1.04 	 79.63 	 0.01 	 0.0848423 	  91 	 85.4701
75 	 23 	 1.05 	 0.7 	 1.04 	 65.38 	 0.01 	 0.0854788 	  56 	 85.8974
75 	 24 	 1.05 	 0.7 	 1.04 	 67.5 	 0.01 	 0.0835049 	  96 	 86.3248
75 	 25 	 1.05 	 0.7 	 1.04 	 77.88 	 0.01 	 0.0816117 	 114 	 86.7521
75 	 26 	 1.05 	 0.7 	 1.04 	 70.75 	 0.01 	 0.0800615 	 210 	 87.1795
75 	 27 	 1.05 	 0.7 	 1.04 	 64.88 	 0.01 	 0.093277 	  18 	 87.6068
75 	 28 	 1.05 	 0.7 	 1.04 	 61.63 	 0.01 	 0.0849734 	 117 	 88.0342
75 	 29 	 1.05 	 0.7 	 1.04 	 59.88 	 0.01 	 0.0856236 	  90 	 88.4615
75 	 30 	 1.05 	 0.7 	 1.04 	  49 	 0.01 	 0.0918011 	  23 	 88.8889
80 	  5 	 1.05 	 0.7 	 1.04 	 86.13 	 0.01 	 0.0841731 	  72 	 89.3162
80 	  6 	 1.05 	 0.7 	 1.04 	 80.5 	 0.01 	 0.0802469 	  98 	 89.7436
80 	  7 	 1.05 	 0.7 	 1.04 	 74.75 	 0.01 	 0.0806281 	  86 	 90.1709
80 	  8 	 1.05 	 0.7 	 1.04 	  70 	 0.01 	 0.0797793 	 162 	 90.5983
80 	  9 	 1.05 	 0.7 	 1.04 	 83.63 	 0.01 	 0.081864 	 106 	 91.0256
80 	 10 	 1.05 	 0.7 	 1.04 	 71.88 	 0.01 	 0.0871068 	  39 	 91.453
80 	 11 	 1.05 	 0.7 	 1.04 	 80.38 	 0.01 	 0.0810254 	  86 	 91.8803
80 	 12 	 1.05 	 0.7 	 1.04 	 71.5 	 0.01 	 0.084273 	  53 	 92.3077
80 	 13 	 1.05 	 0.7 	 1.04 	 64.88 	 0.01 	 0.0871824 	  42 	 92.735
80 	 14 	 1.05 	 0.7 	 1.04 	 77.5 	 0.01 	 0.0840829 	  77 	 93.1624
80 	 15 	 1.05 	 0.7 	 1.04 	 65.5 	 0.01 	 0.0919388 	  13 	 93.5897
80 	 16 	 1.05 	 0.7 	 1.04 	 68.5 	 0.01 	 0.0816599 	 102 	 94.0171
80 	 17 	 1.05 	 0.7 	 1.04 	 78.75 	 0.01 	 0.0833703 	  62 	 94.4444
80 	 18 	 1.05 	 0.7 	 1.04 	 61.25 	 0.01 	 0.0884854 	  28 	 94.8718
80 	 19 	 1.05 	 0.7 	 1.04 	 67.88 	 0.01 	 0.0817785 	 101 	 95.2991
80 	 20 	 1.05 	 0.7 	 1.04 	 53.5 	 0.01 	 0.082821 	  75 	 95.7265
80 	 21 	 1.05 	 0.7 	 1.04 	 61.5 	 0.01 	 0.0840366 	 105 	 96.1538
80 	 22 	 1.05 	 0.7 	 1.04 	 68.38 	 0.01 	 0.0812832 	 125 	 96.5812
80 	 23 	 1.05 	 0.7 	 1.04 	 79.25 	 0.01 	 0.0821939 	 173 	 97.0085
80 	 24 	 1.05 	 0.7 	 1.04 	 68.63 	 0.01 	 0.0826763 	  63 	 97.4359
80 	 25 	 1.05 	 0.7 	 1.04 	 82.5 	 0.01 	 0.0824661 	 124 	 97.8632
80 	 26 	 1.05 	 0.7 	 1.04 	 70.75 	 0.01 	 0.0829881 	 134 	 98.2906
80 	 27 	 1.05 	 0.7 	 1.04 	 78.13 	 0.01 	 0.0829138 	 197 	 98.7179
80 	 28 	 1.05 	 0.7 	 1.04 	 67.5 	 0.01 	 0.0875065 	  29 	 99.1453
80 	 29 	 1.05 	 0.7 	 1.04 	 76.88 	 0.01 	 0.0842291 	 100 	 99.5726
80 	 30 	 1.05 	 0.7 	 1.04 	 64.13 	 0.01 	 0.0905336 	  25 	 100
