S1	S2	lr_inc	lr_dec	max_err	  PK[%]	  lr	MSE		epoch	work_progress[%]
10 	 10 	 1.05 	 0.7 	 1.04 	 50.13 	 0.01 	 0.0813151 	 149 	   1
10 	 20 	 1.05 	 0.7 	 1.04 	 70.13 	 0.01 	 0.0849461 	 135 	   2
10 	 30 	 1.05 	 0.7 	 1.04 	 67.38 	 0.01 	 0.0810438 	  86 	   3
10 	 40 	 1.05 	 0.7 	 1.04 	 70.75 	 0.01 	 0.0849012 	 148 	   4
10 	 50 	 1.05 	 0.7 	 1.04 	 42.75 	 0.01 	 0.0876245 	 101 	   5
10 	 60 	 1.05 	 0.7 	 1.04 	  32 	 0.01 	 0.085422 	 129 	   6
10 	 70 	 1.05 	 0.7 	 1.04 	 60.25 	 0.01 	 0.0847185 	  60 	   7
10 	 80 	 1.05 	 0.7 	 1.04 	 46.63 	 0.01 	 0.0849866 	 235 	   8
10 	 90 	 1.05 	 0.7 	 1.04 	 38.63 	 0.01 	 0.0863606 	 428 	   9
10 	 100 	 1.05 	 0.7 	 1.04 	 41.13 	 0.01 	 0.0795476 	 282 	  10
20 	 10 	 1.05 	 0.7 	 1.04 	  60 	 0.01 	 0.0806487 	  97 	  11
20 	 20 	 1.05 	 0.7 	 1.04 	 48.38 	 0.01 	 0.0929302 	  24 	  12
20 	 30 	 1.05 	 0.7 	 1.04 	 62.63 	 0.01 	 0.0818167 	 167 	  13
20 	 40 	 1.05 	 0.7 	 1.04 	  59 	 0.01 	 0.0790142 	 184 	  14
20 	 50 	 1.05 	 0.7 	 1.04 	 56.62 	 0.01 	 0.0835741 	  65 	  15
20 	 60 	 1.05 	 0.7 	 1.04 	 50.88 	 0.01 	 0.0832372 	  45 	  16
20 	 70 	 1.05 	 0.7 	 1.04 	 49.75 	 0.01 	 0.0879026 	  28 	  17
20 	 80 	 1.05 	 0.7 	 1.04 	 38.75 	 0.01 	 0.0870562 	  64 	  18
20 	 90 	 1.05 	 0.7 	 1.04 	 52.25 	 0.01 	 0.0867653 	 103 	  19
20 	 100 	 1.05 	 0.7 	 1.04 	 40.38 	 0.01 	 0.0862385 	 132 	  20
30 	 10 	 1.05 	 0.7 	 1.04 	 46.75 	 0.01 	 0.0826621 	  53 	  21
30 	 20 	 1.05 	 0.7 	 1.04 	 44.88 	 0.01 	 0.0812545 	 173 	  22
30 	 30 	 1.05 	 0.7 	 1.04 	  48 	 0.01 	 0.0833265 	  68 	  23
30 	 40 	 1.05 	 0.7 	 1.04 	  63 	 0.01 	 0.0789404 	 155 	  24
30 	 50 	 1.05 	 0.7 	 1.04 	 50.37 	 0.01 	 0.088536 	  58 	  25
30 	 60 	 1.05 	 0.7 	 1.04 	 48.88 	 0.01 	 0.0847693 	 225 	  26
30 	 70 	 1.05 	 0.7 	 1.04 	 62.63 	 0.01 	 0.0801039 	 359 	  27
30 	 80 	 1.05 	 0.7 	 1.04 	 51.75 	 0.01 	 0.0811237 	 276 	  28
30 	 90 	 1.05 	 0.7 	 1.04 	  43 	 0.01 	 0.083292 	  82 	  29
30 	 100 	 1.05 	 0.7 	 1.04 	  42 	 0.01 	 0.0951009 	  49 	  30
40 	 10 	 1.05 	 0.7 	 1.04 	  52 	 0.01 	 0.0807939 	  72 	  31
40 	 20 	 1.05 	 0.7 	 1.04 	  46 	 0.01 	 0.0819789 	 209 	  32
40 	 30 	 1.05 	 0.7 	 1.04 	 51.75 	 0.01 	 0.0813962 	  52 	  33
40 	 40 	 1.05 	 0.7 	 1.04 	 44.88 	 0.01 	 0.0892454 	  31 	  34
40 	 50 	 1.05 	 0.7 	 1.04 	 44.25 	 0.01 	 0.0868046 	  92 	  35
40 	 60 	 1.05 	 0.7 	 1.04 	 44.38 	 0.01 	 0.0782458 	 727 	  36
40 	 70 	 1.05 	 0.7 	 1.04 	 42.5 	 0.01 	 0.0849483 	 142 	  37
40 	 80 	 1.05 	 0.7 	 1.04 	  49 	 0.01 	 0.0831934 	 264 	  38
40 	 90 	 1.05 	 0.7 	 1.04 	 45.5 	 0.01 	 0.0869408 	 232 	  39
40 	 100 	 1.05 	 0.7 	 1.04 	 65.38 	 0.01 	 0.0914347 	  50 	  40
50 	 10 	 1.05 	 0.7 	 1.04 	 56.25 	 0.01 	 0.0799761 	  96 	  41
50 	 20 	 1.05 	 0.7 	 1.04 	 64.5 	 0.01 	 0.081142 	 199 	  42
50 	 30 	 1.05 	 0.7 	 1.04 	  27 	 0.01 	 0.0854704 	  59 	  43
50 	 40 	 1.05 	 0.7 	 1.04 	  54 	 0.01 	 0.0856954 	 110 	  44
50 	 50 	 1.05 	 0.7 	 1.04 	 60.38 	 0.01 	 0.08903 	 108 	  45
50 	 60 	 1.05 	 0.7 	 1.04 	 56.75 	 0.01 	 0.085141 	 175 	  46
50 	 70 	 1.05 	 0.7 	 1.04 	 62.87 	 0.01 	 0.0801567 	 248 	  47
50 	 80 	 1.05 	 0.7 	 1.04 	 55.5 	 0.01 	 0.085456 	 179 	  48
50 	 90 	 1.05 	 0.7 	 1.04 	 57.75 	 0.01 	 0.0904687 	 125 	  49
50 	 100 	 1.05 	 0.7 	 1.04 	  47 	 0.01 	 0.101691 	  14 	  50
60 	 10 	 1.05 	 0.7 	 1.04 	 52.5 	 0.01 	 0.0805203 	  97 	  51
60 	 20 	 1.05 	 0.7 	 1.04 	 51.13 	 0.01 	 0.0802075 	  81 	  52
60 	 30 	 1.05 	 0.7 	 1.04 	 56.5 	 0.01 	 0.0822732 	 127 	  53
60 	 40 	 1.05 	 0.7 	 1.04 	 43.38 	 0.01 	 0.0885041 	  28 	  54
60 	 50 	 1.05 	 0.7 	 1.04 	 59.13 	 0.01 	 0.080443 	 130 	  55
60 	 60 	 1.05 	 0.7 	 1.04 	 40.63 	 0.01 	 0.0862428 	  98 	  56
60 	 70 	 1.05 	 0.7 	 1.04 	  69 	 0.01 	 0.0794652 	 343 	  57
60 	 80 	 1.05 	 0.7 	 1.04 	 52.75 	 0.01 	 0.0842521 	 220 	  58
60 	 90 	 1.05 	 0.7 	 1.04 	 55.25 	 0.01 	 0.0844958 	 276 	  59
60 	 100 	 1.05 	 0.7 	 1.04 	 49.75 	 0.01 	 0.0824165 	 440 	  60
70 	 10 	 1.05 	 0.7 	 1.04 	 50.37 	 0.01 	 0.0840463 	  38 	  61
70 	 20 	 1.05 	 0.7 	 1.04 	 55.75 	 0.01 	 0.0813085 	  70 	  62
70 	 30 	 1.05 	 0.7 	 1.04 	 41.37 	 0.01 	 0.0837295 	  71 	  63
70 	 40 	 1.05 	 0.7 	 1.04 	 50.37 	 0.01 	 0.0847186 	 207 	  64
70 	 50 	 1.05 	 0.7 	 1.04 	  62 	 0.01 	 0.0868697 	  79 	  65
70 	 60 	 1.05 	 0.7 	 1.04 	 46.75 	 0.01 	 0.0839183 	 209 	  66
70 	 70 	 1.05 	 0.7 	 1.04 	 51.88 	 0.01 	 0.0835989 	 201 	  67
70 	 80 	 1.05 	 0.7 	 1.04 	 54.75 	 0.01 	 0.0807625 	 212 	  68
70 	 90 	 1.05 	 0.7 	 1.04 	 43.63 	 0.01 	 0.085793 	 375 	  69
70 	 100 	 1.05 	 0.7 	 1.04 	 44.5 	 0.01 	 0.0802434 	 340 	  70
80 	 10 	 1.05 	 0.7 	 1.04 	 42.5 	 0.01 	 0.0822419 	  97 	  71
80 	 20 	 1.05 	 0.7 	 1.04 	  54 	 0.01 	 0.0876591 	  19 	  72
80 	 30 	 1.05 	 0.7 	 1.04 	 65.5 	 0.01 	 0.0784755 	 517 	  73
80 	 40 	 1.05 	 0.7 	 1.04 	 28.75 	 0.01 	 0.0824907 	 142 	  74
80 	 50 	 1.05 	 0.7 	 1.04 	 51.25 	 0.01 	 0.0823694 	 101 	  75
80 	 60 	 1.05 	 0.7 	 1.04 	 39.63 	 0.01 	 0.0848027 	  67 	  76
80 	 70 	 1.05 	 0.7 	 1.04 	 42.25 	 0.01 	 0.0839344 	 219 	  77
80 	 80 	 1.05 	 0.7 	 1.04 	 53.13 	 0.01 	 0.0865844 	  79 	  78
80 	 90 	 1.05 	 0.7 	 1.04 	 40.87 	 0.01 	 0.0856447 	 323 	  79
80 	 100 	 1.05 	 0.7 	 1.04 	 46.13 	 0.01 	 0.0904754 	 155 	  80
90 	 10 	 1.05 	 0.7 	 1.04 	  77 	 0.01 	 0.0820675 	 581 	  81
90 	 20 	 1.05 	 0.7 	 1.04 	 56.5 	 0.01 	 0.0805457 	  45 	  82
90 	 30 	 1.05 	 0.7 	 1.04 	 53.37 	 0.01 	 0.0824777 	  44 	  83
90 	 40 	 1.05 	 0.7 	 1.04 	  52 	 0.01 	 0.0886904 	  27 	  84
90 	 50 	 1.05 	 0.7 	 1.04 	 65.75 	 0.01 	 0.0875367 	 128 	  85
90 	 60 	 1.05 	 0.7 	 1.04 	 39.63 	 0.01 	 0.0911127 	  90 	  86
90 	 70 	 1.05 	 0.7 	 1.04 	 59.5 	 0.01 	 0.0815703 	 209 	  87
90 	 80 	 1.05 	 0.7 	 1.04 	 51.13 	 0.01 	 0.0851719 	  81 	  88
90 	 90 	 1.05 	 0.7 	 1.04 	 46.38 	 0.01 	 0.0942685 	 114 	  89
90 	 100 	 1.05 	 0.7 	 1.04 	 50.75 	 0.01 	 0.0849096 	 274 	  90
100 	 10 	 1.05 	 0.7 	 1.04 	 47.38 	 0.01 	 0.0813701 	 124 	  91
100 	 20 	 1.05 	 0.7 	 1.04 	 55.13 	 0.01 	 0.0821278 	  48 	  92
100 	 30 	 1.05 	 0.7 	 1.04 	 58.38 	 0.01 	 0.0844812 	 245 	  93
100 	 40 	 1.05 	 0.7 	 1.04 	 38.63 	 0.01 	 0.0870283 	  75 	  94
100 	 50 	 1.05 	 0.7 	 1.04 	 44.25 	 0.01 	 0.0931964 	  51 	  95
100 	 60 	 1.05 	 0.7 	 1.04 	 63.75 	 0.01 	 0.0837326 	 509 	  96
100 	 70 	 1.05 	 0.7 	 1.04 	  42 	 0.01 	 0.088707 	 175 	  97
100 	 80 	 1.05 	 0.7 	 1.04 	 40.13 	 0.01 	 0.0833477 	  99 	  98
100 	 90 	 1.05 	 0.7 	 1.04 	 68.38 	 0.01 	 0.0805203 	 523 	  99
100 	 100 	 1.05 	 0.7 	 1.04 	 51.5 	 0.01 	 0.0902336 	 131 	 100
