S1	S2	lr_inc	lr_dec	max_err	  PK[%]	  lr		MSE		epoch	work_progress[%]
55 	 10 	 1.03 	 0.6 	 1.02 	 57.25 	 0.256252 	 0.0739949 	 1340 	 0.8
55 	 10 	 1.03 	 0.6 	 1.03 	 59.25 	 0.290699 	 0.0804709 	 115 	 1.6
55 	 10 	 1.03 	 0.6 	 1.04 	 52.75 	 0.156265 	 0.0825653 	  94 	 2.4
55 	 10 	 1.03 	 0.6 	 1.05 	 60.25 	 0.539215 	 0.0782654 	 540 	 3.2
55 	 10 	 1.03 	 0.6 	 1.06 	 62.38 	 0.378194 	 0.0785107 	 511 	   4
55 	 10 	 1.03 	 0.65 	 1.02 	 70.63 	 0.302486 	 0.0732575 	 1193 	 4.8
55 	 10 	 1.03 	 0.65 	 1.03 	 60.88 	 0.355796 	 0.078 	 367 	 5.6
55 	 10 	 1.03 	 0.65 	 1.04 	 54.75 	 0.0307478 	 0.0864296 	  39 	 6.4
55 	 10 	 1.03 	 0.65 	 1.05 	 61.38 	 0.54526 	 0.0810165 	 272 	 7.2
55 	 10 	 1.03 	 0.65 	 1.06 	 59.5 	 0.705262 	 0.0804359 	 474 	   8
55 	 10 	 1.03 	 0.7 	 1.02 	 24.25 	 0.269198 	 0.0828552 	 349 	 8.8
55 	 10 	 1.03 	 0.7 	 1.03 	 66.13 	 0.225453 	 0.0752888 	 684 	 9.6
55 	 10 	 1.03 	 0.7 	 1.04 	 50.25 	 0.566991 	 0.0763538 	 1047 	 10.4
55 	 10 	 1.03 	 0.7 	 1.05 	  51 	 0.475773 	 0.0789451 	 304 	 11.2
55 	 10 	 1.03 	 0.7 	 1.06 	 71.75 	 0.892112 	 0.0711053 	 1261 	  12
55 	 10 	 1.03 	 0.75 	 1.02 	 25.88 	 0.303153 	 0.0795215 	 769 	 12.8
55 	 10 	 1.03 	 0.75 	 1.03 	 43.25 	 0.602834 	 0.0792695 	 451 	 13.6
55 	 10 	 1.03 	 0.75 	 1.04 	 71.88 	 0.523056 	 0.0789852 	 362 	 14.4
55 	 10 	 1.03 	 0.75 	 1.05 	 51.88 	 0.448565 	 0.0787811 	 450 	 15.2
55 	 10 	 1.03 	 0.75 	 1.06 	  73 	 0.938254 	 0.0691128 	 1653 	  16
55 	 10 	 1.03 	 0.8 	 1.02 	  48 	 0.338558 	 0.0794955 	 219 	 16.8
55 	 10 	 1.03 	 0.8 	 1.03 	 76.75 	 0.390874 	 0.0792073 	 627 	 17.6
55 	 10 	 1.03 	 0.8 	 1.04 	 78.75 	 0.957544 	 0.0721601 	 1103 	 18.4
55 	 10 	 1.03 	 0.8 	 1.05 	 15.75 	 0.0968151 	 0.0842434 	 113 	 19.2
55 	 10 	 1.03 	 0.8 	 1.06 	 48.38 	 1.60665 	 0.0780331 	 1324 	  20
55 	 10 	 1.04 	 0.6 	 1.02 	 63.63 	 0.147173 	 0.0690955 	 1651 	 20.8
55 	 10 	 1.04 	 0.6 	 1.03 	  49 	 0.70186 	 0.076826 	 845 	 21.6
55 	 10 	 1.04 	 0.6 	 1.04 	  62 	 0.412344 	 0.0807305 	 294 	 22.4
55 	 10 	 1.04 	 0.6 	 1.05 	  64 	 0.352811 	 0.0798961 	 266 	 23.2
55 	 10 	 1.04 	 0.6 	 1.06 	  68 	 0.339245 	 0.0691647 	 1363 	  24
55 	 10 	 1.04 	 0.65 	 1.02 	 69.38 	 0.213935 	 0.0800873 	 189 	 24.8
55 	 10 	 1.04 	 0.65 	 1.03 	  72 	 0.149824 	 0.0837249 	  83 	 25.6
55 	 10 	 1.04 	 0.65 	 1.04 	 73.13 	 0.487507 	 0.0794463 	 272 	 26.4
55 	 10 	 1.04 	 0.65 	 1.05 	  51 	 0.786072 	 0.077882 	 565 	 27.2
55 	 10 	 1.04 	 0.65 	 1.06 	 76.88 	 0.620443 	 0.0776118 	 617 	  28
55 	 10 	 1.04 	 0.7 	 1.02 	 50.25 	 0.259279 	 0.0808798 	  84 	 28.8
55 	 10 	 1.04 	 0.7 	 1.03 	 75.63 	 0.283173 	 0.0803085 	 258 	 29.6
55 	 10 	 1.04 	 0.7 	 1.04 	 41.37 	 0.747597 	 0.0802397 	 111 	 30.4
55 	 10 	 1.04 	 0.7 	 1.05 	 52.25 	 0.747597 	 0.080165 	 111 	 31.2
55 	 10 	 1.04 	 0.7 	 1.06 	  78 	 0.428808 	 0.0723613 	 1997 	  32
55 	 10 	 1.04 	 0.75 	 1.02 	 25.38 	 0.273008 	 0.0824825 	 311 	 32.8
55 	 10 	 1.04 	 0.75 	 1.03 	 51.63 	 0.149727 	 0.0826816 	  70 	 33.6
55 	 10 	 1.04 	 0.75 	 1.04 	 76.13 	 0.552642 	 0.0781733 	 630 	 34.4
55 	 10 	 1.04 	 0.75 	 1.05 	 73.5 	 0.349943 	 0.0792062 	 347 	 35.2
55 	 10 	 1.04 	 0.75 	 1.06 	 50.75 	 0.0899222 	 0.083339 	  57 	  36
55 	 10 	 1.04 	 0.8 	 1.02 	 45.88 	 0.312928 	 0.0803919 	 288 	 36.8
55 	 10 	 1.04 	 0.8 	 1.03 	 54.88 	 0.315452 	 0.0825078 	  89 	 37.6
55 	 10 	 1.04 	 0.8 	 1.04 	 74.75 	 0.264962 	 0.0824139 	 146 	 38.4
55 	 10 	 1.04 	 0.8 	 1.05 	 47.25 	 0.0799405 	 0.0877462 	  54 	 39.2
55 	 10 	 1.04 	 0.8 	 1.06 	 0.875 	 0.457601 	 0.0838343 	 277 	  40
55 	 10 	 1.05 	 0.6 	 1.02 	 66.88 	 0.223348 	 0.0746339 	 558 	 40.8
55 	 10 	 1.05 	 0.6 	 1.03 	 71.75 	 0.184833 	 0.0764242 	 639 	 41.6
55 	 10 	 1.05 	 0.6 	 1.04 	 74.25 	 0.290488 	 0.0696611 	 1703 	 42.4
55 	 10 	 1.05 	 0.6 	 1.05 	 28.5 	 0.429655 	 0.0797655 	 581 	 43.2
55 	 10 	 1.05 	 0.6 	 1.06 	 37.5 	 0.548698 	 0.0749529 	 1170 	  44
55 	 10 	 1.05 	 0.65 	 1.02 	 64.75 	 0.327928 	 0.0739981 	 1145 	 44.8
55 	 10 	 1.05 	 0.65 	 1.03 	 69.88 	 0.392037 	 0.0804289 	 217 	 45.6
55 	 10 	 1.05 	 0.65 	 1.04 	 30.63 	 0.414078 	 0.0797532 	 966 	 46.4
55 	 10 	 1.05 	 0.65 	 1.05 	 57.5 	 0.68013 	 0.0754774 	 1053 	 47.2
55 	 10 	 1.05 	 0.65 	 1.06 	 4.75 	 0.282959 	 0.0912065 	 112 	  48
55 	 10 	 1.05 	 0.7 	 1.02 	  63 	 0.17879 	 0.0779581 	 381 	 48.8
55 	 10 	 1.05 	 0.7 	 1.03 	 58.13 	 0.0162889 	 0.0913005 	  11 	 49.6
55 	 10 	 1.05 	 0.7 	 1.04 	 36.25 	 0.31044 	 0.0763367 	 1216 	 50.4
55 	 10 	 1.05 	 0.7 	 1.05 	  71 	 0.618829 	 0.0817213 	 640 	 51.2
55 	 10 	 1.05 	 0.7 	 1.06 	  26 	 0.543653 	 0.0804977 	 310 	  52
55 	 10 	 1.05 	 0.75 	 1.02 	 52.37 	 0.261979 	 0.0792936 	 169 	 52.8
55 	 10 	 1.05 	 0.75 	 1.03 	 72.75 	 0.402325 	 0.0802827 	 184 	 53.6
55 	 10 	 1.05 	 0.75 	 1.04 	 63.87 	 0.0729376 	 0.0813346 	 109 	 54.4
55 	 10 	 1.05 	 0.75 	 1.05 	 48.5 	 0.227047 	 0.082819 	  65 	 55.2
55 	 10 	 1.05 	 0.75 	 1.06 	 74.5 	 0.494001 	 0.0807142 	 262 	  56
55 	 10 	 1.05 	 0.8 	 1.02 	 34.13 	 0.331611 	 0.0723211 	 1713 	 56.8
55 	 10 	 1.05 	 0.8 	 1.03 	  31 	 0.504944 	 0.077387 	 492 	 57.6
55 	 10 	 1.05 	 0.8 	 1.04 	 81.63 	 0.497381 	 0.0711367 	 1437 	 58.4
55 	 10 	 1.05 	 0.8 	 1.05 	 50.13 	 0.032251 	 0.0964553 	  25 	 59.2
55 	 10 	 1.05 	 0.8 	 1.06 	 22.12 	 0.226557 	 0.0810064 	 252 	  60
55 	 10 	 1.06 	 0.6 	 1.02 	 43.5 	 0.246978 	 0.0791618 	 256 	 60.8
55 	 10 	 1.06 	 0.6 	 1.03 	 77.75 	 0.357208 	 0.0804765 	 593 	 61.6
55 	 10 	 1.06 	 0.6 	 1.04 	 18.75 	 0.545533 	 0.0820489 	 197 	 62.4
55 	 10 	 1.06 	 0.6 	 1.05 	 54.75 	 0.224548 	 0.0768255 	 707 	 63.2
55 	 10 	 1.06 	 0.6 	 1.06 	  41 	 0.0339956 	 0.0929064 	  22 	  64
55 	 10 	 1.06 	 0.65 	 1.02 	  64 	 0.253242 	 0.0787192 	 201 	 64.8
55 	 10 	 1.06 	 0.65 	 1.03 	  67 	 0.064747 	 0.0706261 	 2100 	 65.6
55 	 10 	 1.06 	 0.65 	 1.04 	 71.13 	 0.13249 	 0.0702152 	 1584 	 66.4
55 	 10 	 1.06 	 0.65 	 1.05 	 67.63 	 0.202075 	 0.0631908 	 2334 	 67.2
55 	 10 	 1.06 	 0.65 	 1.06 	 72.13 	 0.407862 	 0.0807107 	 192 	  68
55 	 10 	 1.06 	 0.7 	 1.02 	 43.75 	 0.305223 	 0.0799701 	 243 	 68.8
55 	 10 	 1.06 	 0.7 	 1.03 	 58.62 	 0.020122 	 0.104376 	  13 	 69.6
55 	 10 	 1.06 	 0.7 	 1.04 	 43.5 	 0.429918 	 0.0790522 	 289 	 70.4
55 	 10 	 1.06 	 0.7 	 1.05 	 23.38 	 0.477129 	 0.0810316 	 530 	 71.2
55 	 10 	 1.06 	 0.7 	 1.06 	 74.5 	 0.643031 	 0.0779223 	 594 	  72
55 	 10 	 1.06 	 0.75 	 1.02 	 21.5 	 0.105528 	 0.0847491 	 117 	 72.8
55 	 10 	 1.06 	 0.75 	 1.03 	 65.25 	 0.11186 	 0.0805372 	  96 	 73.6
55 	 10 	 1.06 	 0.75 	 1.04 	 76.75 	 0.464675 	 0.0804111 	 328 	 74.4
55 	 10 	 1.06 	 0.75 	 1.05 	 71.5 	 0.304541 	 0.0803154 	 159 	 75.2
55 	 10 	 1.06 	 0.75 	 1.06 	 73.5 	 0.48185 	 0.0817221 	 201 	  76
55 	 10 	 1.06 	 0.8 	 1.02 	 70.63 	 0.269017 	 0.0786958 	 453 	 76.8
55 	 10 	 1.06 	 0.8 	 1.03 	 78.88 	 0.794766 	 0.0809992 	 452 	 77.6
55 	 10 	 1.06 	 0.8 	 1.04 	 52.5 	 0.329877 	 0.0811664 	  61 	 78.4
55 	 10 	 1.06 	 0.8 	 1.05 	 78.88 	 0.816094 	 0.0746304 	 1046 	 79.2
55 	 10 	 1.06 	 0.8 	 1.06 	  83 	 0.522649 	 0.0835012 	 352 	  80
55 	 10 	 1.07 	 0.6 	 1.02 	 71.63 	 0.267943 	 0.0811266 	 151 	 80.8
55 	 10 	 1.07 	 0.6 	 1.03 	 73.88 	 0.152297 	 0.0827034 	 106 	 81.6
55 	 10 	 1.07 	 0.6 	 1.04 	 80.13 	 0.446571 	 0.0832518 	 172 	 82.4
55 	 10 	 1.07 	 0.6 	 1.05 	 75.88 	 0.106045 	 0.0895988 	  58 	 83.2
55 	 10 	 1.07 	 0.6 	 1.06 	 37.88 	 0.504402 	 0.0795972 	 324 	  84
55 	 10 	 1.07 	 0.65 	 1.02 	  74 	 0.155233 	 0.0819533 	  90 	 84.8
55 	 10 	 1.07 	 0.65 	 1.03 	 70.13 	 0.125538 	 0.079195 	 305 	 85.6
55 	 10 	 1.07 	 0.65 	 1.04 	 65.88 	 0.160591 	 0.0698162 	 1987 	 86.4
55 	 10 	 1.07 	 0.65 	 1.05 	 73.88 	 0.369008 	 0.0790651 	 259 	 87.2
55 	 10 	 1.07 	 0.65 	 1.06 	 50.25 	 0.361519 	 0.0774489 	 476 	  88
55 	 10 	 1.07 	 0.7 	 1.02 	 32.88 	 0.178139 	 0.0806713 	 423 	 88.8
55 	 10 	 1.07 	 0.7 	 1.03 	 54.63 	 0.220367 	 0.0745251 	 1285 	 89.6
55 	 10 	 1.07 	 0.7 	 1.04 	 56.5 	 0.0871527 	 0.0856601 	  33 	 90.4
55 	 10 	 1.07 	 0.7 	 1.05 	 50.63 	 0.139948 	 0.084976 	  40 	 91.2
55 	 10 	 1.07 	 0.7 	 1.06 	 75.75 	 0.602567 	 0.0767752 	 699 	  92
55 	 10 	 1.07 	 0.75 	 1.02 	 35.5 	 0.217078 	 0.0833588 	 118 	 92.8
55 	 10 	 1.07 	 0.75 	 1.03 	 50.63 	 0.417805 	 0.0767865 	 758 	 93.6
55 	 10 	 1.07 	 0.75 	 1.04 	 75.88 	 1.02524 	 0.0766708 	 650 	 94.4
55 	 10 	 1.07 	 0.75 	 1.05 	 62.5 	 0.418713 	 0.0639031 	 1781 	 95.2
55 	 10 	 1.07 	 0.75 	 1.06 	 23.88 	 0.1772 	 0.0822115 	  89 	  96
55 	 10 	 1.07 	 0.8 	 1.02 	 70.13 	 0.225019 	 0.082324 	 107 	 96.8
55 	 10 	 1.07 	 0.8 	 1.03 	 21.75 	 0.590881 	 0.0798814 	 670 	 97.6
55 	 10 	 1.07 	 0.8 	 1.04 	 82.38 	 0.464174 	 0.0837704 	 192 	 98.4
55 	 10 	 1.07 	 0.8 	 1.05 	 1.25 	 0.622449 	 0.0838565 	 516 	 99.2
55 	 10 	 1.07 	 0.8 	 1.06 	 12.62 	 0.113572 	 0.085248 	  80 	 100
